1.689996506178831e-18 -1.5251941081509812e-67
1.689996506178831e-18 -1.525194090905609e-67
1.689996506178831e-18 -1.5251940736602247e-67
1.689996506178831e-18 -1.5251940564148552e-67
1.689996506178831e-18 -1.5251940391694755e-67
1.689996506178831e-18 -1.5251940219241007e-67
1.689996506178831e-18 -1.5251940046787217e-67
1.689996506178831e-18 -1.5251939874333396e-67
1.689996506178831e-18 -1.5251939701879622e-67
1.689996506178831e-18 -1.5251939529425776e-67
1.689996506178831e-18 -1.5251939356971857e-67
1.689996506178831e-18 -1.5251939184517997e-67
1.689996506178831e-18 -1.5251939012064084e-67
1.689996506178831e-18 -1.5251938839610185e-67
1.689996506178831e-18 -1.525193866715624e-67
1.689996506178831e-18 -1.525193849470237e-67
1.689996506178831e-18 -1.5251938322248444e-67
1.689996506178831e-18 -1.5251938149794492e-67
1.689996506178831e-18 -1.5251937977340543e-67
1.689996506178831e-18 -1.5251937804886512e-67
1.689996506178831e-18 -1.5251937632432478e-67
1.689996506178831e-18 -1.5251937459978453e-67
1.689996506178831e-18 -1.5251937287524386e-67
1.689996506178831e-18 -1.5251937115070447e-67
1.689996506178831e-18 -1.5251936942616353e-67
1.689996506178831e-18 -1.5251936770162315e-67
1.689996506178831e-18 -1.5251936597708298e-67
1.689996506178831e-18 -1.5251936425254154e-67
1.689996506178831e-18 -1.525193625279996e-67
1.689996506178831e-18 -1.525193608034589e-67
1.689996506178831e-18 -1.5251935907891725e-67
1.689996506178831e-18 -1.5251935735437552e-67
1.689996506178831e-18 -1.5251935562983432e-67
1.689996506178831e-18 -1.5251935390529167e-67
1.689996506178831e-18 -1.5251935218074938e-67
1.689996506178831e-18 -1.5251935045620726e-67
1.689996506178831e-18 -1.5251934873166425e-67
1.689996506178831e-18 -1.525193470071223e-67
1.689996506178831e-18 -1.5251934528257944e-67
1.689996506178831e-18 -1.5251934355803636e-67
1.689996506178831e-18 -1.525193418334938e-67
1.689996506178831e-18 -1.5251934010895152e-67
1.689996506178831e-18 -1.5251933838440765e-67
1.689996506178831e-18 -1.525193366598639e-67
1.689996506178831e-18 -1.5251933493531962e-67
1.689996506178831e-18 -1.5251933321077647e-67
1.689996506178831e-18 -1.525193314862333e-67
1.689996506178831e-18 -1.525193297616889e-67
1.689996506178831e-18 -1.525193280371455e-67
1.689996506178831e-18 -1.525193263125998e-67
1.689996506178831e-18 -1.5251932458805574e-67
1.689996506178831e-18 -1.5251932286351105e-67
1.689996506178831e-18 -1.5251932113896646e-67
1.689996506178831e-18 -1.5251931941442186e-67
1.689996506178831e-18 -1.5251931768987602e-67
1.689996506178831e-18 -1.525193159653305e-67
1.689996506178831e-18 -1.5251931424078587e-67
1.689996506178831e-18 -1.5251931251624062e-67
1.689996506178831e-18 -1.5251931079169428e-67
1.689996506178831e-18 -1.525193090671489e-67
1.689996506178831e-18 -1.5251930734260262e-67
1.689996506178831e-18 -1.525193056180556e-67
1.689996506178831e-18 -1.5251930389350984e-67
1.689996506178831e-18 -1.5251930216896443e-67
1.689996506178831e-18 -1.5251930044441716e-67
1.689996506178831e-18 -1.5251929871987082e-67
1.689996506178831e-18 -1.525192969953239e-67
1.689996506178831e-18 -1.525192952707768e-67
1.689996506178831e-18 -1.5251929354622904e-67
1.689996506178831e-18 -1.525192918216827e-67
1.689996506178831e-18 -1.525192900971353e-67
1.689996506178831e-18 -1.5251928837258702e-67
1.689996506178831e-18 -1.5251928664804028e-67
1.689996506178831e-18 -1.525192849234926e-67
1.689996506178831e-18 -1.525192831989441e-67
1.689996506178831e-18 -1.525192814743961e-67
1.689996506178831e-18 -1.5251927974984705e-67
1.689996506178831e-18 -1.5251927802529827e-67
1.689996506178831e-18 -1.5251927630075084e-67
1.689996506178831e-18 -1.5251927457620236e-67
1.689996506178831e-18 -1.5251927285165326e-67
1.689996506178831e-18 -1.5251927112710356e-67
1.689996506178831e-18 -1.5251926940255376e-67
1.689996506178831e-18 -1.525192676780051e-67
1.689996506178831e-18 -1.5251926595345554e-67
1.689996506178831e-18 -1.5251926422890548e-67
1.689996506178831e-18 -1.525192625043559e-67
1.689996506178831e-18 -1.5251926077980654e-67
1.689996506178831e-18 -1.5251925905525483e-67
1.689996506178831e-18 -1.5251925733070552e-67
1.689996506178831e-18 -1.5251925560615477e-67
1.689996506178831e-18 -1.5251925388160425e-67
1.689996506178831e-18 -1.525192521570538e-67
1.689996506178831e-18 -1.5251925043250323e-67
1.689996506178831e-18 -1.5251924870795215e-67
1.689996506178831e-18 -1.525192469834011e-67
1.689996506178831e-18 -1.5251924525884975e-67
1.689996506178831e-18 -1.525192435342982e-67
1.689996506178831e-18 -1.5251924180974606e-67
1.689996506178831e-18 -1.525192400851944e-67
