Timestep: 0
0.9251331800115932 0.6981829389862145 0.9833902426518795
0.9371240333357168 0.7325674917763288 0.04114703791821217
0.5328710070877082 0.5516329438633472 0.8393234990349148
0.9178019370410829 0.9094673954268161 0.35378135051182913
0.5184262142308004 0.8186119682322739 0.10650562221448012
0.3814911472223165 0.7356552984812625 0.029727387276004658
0.3252272535752352 0.7010408663699432 0.5725712278806822
0.1429964806211269 0.030005646573445066 0.45295115602212965
0.328078029458561 0.7814803322019318 0.29591832725077705
0.21008992797747517 0.2255598077726989 0.6942365253699301
0.03816263444407708 0.39660693508121025 0.2721963993155535
0.5810083847504748 0.9492757202002012 0.060767171871738634
0.1718684142522331 0.35381167119758594 0.7548964763325249
0.2993858047355962 0.02390385718117083 0.8398167609258226
0.7833072574550051 0.304800575828724 0.7915303262141224
0.2841525459838844 0.2213510459320951 0.4962404688571751
0.4189384482345877 0.49623848432685347 0.5704788706649774
0.23767093358308744 0.9052033802144026 0.6044296889292257
0.6712801526957068 0.907278030633151 0.7805660819108712
0.5355917081672146 0.20218508853469241 0.4695305296680752
Timestep: 1
0.5102074955444778 0.3682247743570315 0.6524175319024437
0.507386985125315 0.5574763752375276 0.8990790531568678
0.9910351605537073 0.5231686891062921 0.28739269304664816
0.5116413201005461 0.9191312721421241 0.09956293397294758
0.8641219886293001 0.38764946171760073 0.9908984270894479
0.006605639771890992 0.12127289874229064 0.8743701130122759
0.9875343826801384 0.7128721302037775 0.7258922871324671
0.5131927007452788 0.2925236348778242 0.296901307978203
0.5286196804124756 0.5606116425148286 0.7844137009075212
0.5622914637016265 0.32699022610938755 0.9845326305147211
0.22327064425886078 0.4136430338470376 0.5693671581585136
0.5396795029112695 0.7847259374561872 0.11977427696439236
0.4243238786492469 0.2130377129838621 0.7689155938185479
0.6247114570146266 0.6717664118680204 0.06729566787504382
0.8102915916486211 0.10050802239326373 0.4532854200647307
0.47312367140301603 0.6267355404289674 0.7488860672840474
0.6024432576446941 0.5498282399892389 0.2018352264373675
0.002898022819408652 0.002385131974392607 0.9696646316312183
0.5301779245083083 0.283691893841592 0.03419029500290094
0.9180083397455405 0.00470055954383497 0.3810169392882017
Timestep: 2
0.09528181107737055 0.03826660972782747 0.3214448211530083
0.07764993691491284 0.38238525869872575 0.7570110683955136
0.44919931401969393 0.49470443434923794 0.7354618870583849
0.10548070316000935 0.9287951488574322 0.8453445174340573
0.2098177630278002 0.956686955202926 0.875291231964411
0.6317201323214618 0.5068904990033047 0.7190128387485402
0.6498415117850413 0.72470339403759 0.8792133463842475
0.8833889208694359 0.5550416231822055 0.14085145993425385
0.7291613313664129 0.33974295282772005 0.27290907456426794
0.9144929994257609 0.42842064444607786 0.2748287356595114
0.40837865407365825 0.43067913261286606 0.8665379170014944
0.4983506210720634 0.6201761547121691 0.17878138205702498
0.6767793430462632 0.07226375477014813 0.7829347113045628
0.9500371092936462 0.3196289665548875 0.2947745748242596
0.8372759258422349 0.8962154689578057 0.11504051391534631
0.6620947968221458 0.03212003492586746 0.0015316657108996878
0.7859480670547896 0.6034179956516255 0.8331915822097358
0.7681251120557135 0.09956688373438283 0.33489957433320683
0.38907569632090144 0.6601057570500188 0.28781450809492526
0.3004249713238778 0.8072160305529792 0.2925033489083262
Timestep: 3
0.6803561266102633 0.7083084450986235 0.990472110403573
0.6479128887045107 0.20729414215992392 0.6149430836341594
0.9073634674856805 0.4662401795921838 0.18353108107012162
0.6993200862194726 0.9384590255727403 0.5911261008951669
0.5555135374263003 0.5257244486882513 0.7596840368393742
0.2568346248710327 0.8925080992643188 0.5636555644848045
0.3121486408899443 0.7365346578714025 0.03253440563602794
0.253585140993593 0.8175596114865868 0.9848016118903047
0.9297029823203502 0.11887426314061145 0.7614044482210147
0.2666945351498953 0.5298510627827682 0.5651248408043017
0.5934866638884557 0.4477152313786945 0.16370867584447524
0.45702173923285727 0.45562637196815103 0.2377884871496576
0.9292348074432795 0.9314897965564342 0.7969538287905777
0.2753627615726657 0.9674915212417545 0.5222534817734754
0.8642602600358487 0.6919229155223476 0.7767956077659619
0.8510659222412755 0.4375045294227675 0.254177264137752
0.9694528764648851 0.657007751314012 0.46454793798210403
0.5333522012920184 0.19674863549437305 0.7001345170351954
0.24797346813349463 0.036519620258445684 0.5414387211869496
0.6828416029022151 0.6097315015621234 0.2039897585284507
Timestep: 4
0.26543044214315614 0.37835028046941943 0.6594993996541376
0.21817584049410854 0.032203025621122094 0.4728750988728052
0.36552762095166713 0.4377759248351296 0.6316002750818583
0.2931594692789359 0.9481229022880484 0.3369076843562766
0.9012093118248004 0.09476194217357659 0.6440768417143374
0.8819491174206036 0.27812569952533295 0.4082982902210688
0.9744557699948473 0.748365921705215 0.18585546488780835
0.6237813611177501 0.08007759979096818 0.8287517638463555
0.13024463327428748 0.8980055734535028 0.2498998218777615
0.6188960708740296 0.6312814811194585 0.855420945949092
0.7785946737032532 0.46475133014452297 0.46087943468745607
0.41569285739365114 0.29107658922413293 0.29679559224229024
0.18169027184029574 0.7907158383427202 0.8109729462765927
0.6006884138516853 0.6153540759286216 0.7497323887226912
0.8912445942294625 0.4876303620868896 0.4385507016165775
0.04003704766040528 0.8428890239196676 0.5068228625646043
0.1529576858749806 0.7105975069763986 0.09590429375447229
0.2985792905283233 0.29393038725436327 0.06536945973718389
0.10687123994608783 0.41293348346687253 0.7950629342789739
0.06525823448055235 0.41224697257126763 0.1154761681485752
Timestep: 5
0.8505047576760489 0.04839211584021541 0.32852668890470227
0.7884387922837064 0.8571119090823203 0.33080711411145103
0.8236917744176537 0.40931167007807545 0.07966946909359507
0.8869988523383991 0.9577867790033565 0.08268926781738628
0.24690508622330043 0.6637994356589019 0.5284696465893006
0.5070636099701744 0.663743299786347 0.2529410159573331
0.6367628990997503 0.7601971855390275 0.33917652413958876
0.9939775812419072 0.3425955880953495 0.6727019158024063
0.33078628422822476 0.6771368837663942 0.7383951955345083
0.971097606598164 0.7327118994561488 0.14571705109388233
0.9637026835180507 0.4817874289103514 0.7580501935304369
0.374363975554445 0.12652680648011483 0.35580269733492287
0.434145736237312 0.6499418801290062 0.8249920637626076
0.9260140661307048 0.2632166306154886 0.977211295671907
0.9182289284230762 0.28333780865143154 0.10030579546719309
0.22900817307953503 0.24827351841656764 0.7594684609914566
0.3364624952850761 0.7641872626387851 0.7272606495268406
0.06380637976462822 0.3911121390143535 0.4306044024391724
0.965769011758681 0.7893473466752994 0.04868714737099822
0.4476748660588896 0.21476244358041185 0.026962577768699703
Timestep: 6
0.43557907320894174 0.7184339512110114 0.9975539781552669
0.35870174407330424 0.6820207925435184 0.18873912935009685
0.28185592788364033 0.3808474153210213 0.5277386631053318
0.4808382353978624 0.9674506557186646 0.828470851278496
0.5926008606218005 0.23283692914422716 0.4128624514642638
0.13217810251974527 0.049360900047361156 0.0975837416935974
0.2990700282046532 0.77202844937284 0.4924975833913692
0.36417380136606425 0.6051135763997308 0.5166520677584572
0.531327935182162 0.45626819407928565 0.22689056919125505
0.3232991423222984 0.8341423177928391 0.43601315623867265
0.14881069333284813 0.4988235276761799 0.05522095237341773
0.3330350937152389 0.9619770237360967 0.4148098024275555
0.6866012006343283 0.5091679219152923 0.8390111812486225
0.25133971840972436 0.9110791853023557 0.2046902026211228
0.94521326261669 0.0790452552159735 0.7620608893178087
0.4179792984986648 0.6536580129134677 0.012114059418308898
0.5199673046951716 0.8177770183011717 0.3586170052992088
0.8290334690009331 0.4882938907743437 0.795839345141161
0.8246667835712742 0.16576120988372622 0.30231136046302254
0.8300914976372269 0.017277914589556076 0.9384489873888242
Timestep: 7
0.020653388741834533 0.38847578658180737 0.6665812674058316
0.9289646958629021 0.5069296760047166 0.046671144588742663
0.7400200813496269 0.3523831605639671 0.9758078571170685
0.07467761845732568 0.9771145324339727 0.5742524347396056
0.9382966350203006 0.8018744226295524 0.297255256339227
0.7572925950693161 0.43497850030837526 0.9422264674298617
0.9613771573095562 0.7838597132066525 0.6458186426431496
0.7343700214902213 0.8676315647041122 0.360602219714508
0.7318695861360993 0.23539950439217705 0.7153859428480018
0.6755006780464328 0.9355727361295294 0.726309261383463
0.3339187031476456 0.5158596264420083 0.35239171121639856
0.29170621187603274 0.7974272409920786 0.4738169075201881
0.9390566650313446 0.3683939637015783 0.8530302987346374
0.5766653706887439 0.5589417399892227 0.4321691095703386
0.9721975968103038 0.8747527017805155 0.4238159831684243
0.6069504239177945 0.05904250741036776 0.2647596578451612
0.7034721141052671 0.8713667739635582 0.9899733610715771
0.594260558237238 0.5854756425343339 0.16107428784314948
0.6835645553838674 0.5421750730921531 0.5559355735550469
0.21250812921556417 0.8197933855987003 0.8499353970089487
Timestep: 8
0.6057277042747273 0.05851762195260335 0.3356085566563962
0.49922764765249994 0.3318385594659148 0.9046031598273885
0.19818423481561354 0.32391890580691296 0.42387705112880525
0.668517001516789 0.9867784091492808 0.3200340182007153
0.28399240941880066 0.3709119161148777 0.1816480612141902
0.382407087618887 0.8205961005693894 0.786869193166126
0.6236842864144592 0.795690977040465 0.79913970189493
0.10456624161437844 0.1301495530084935 0.20455237167055884
0.9324112370900366 0.014530814705068451 0.2038813165047486
0.02770221377056714 0.03700315446621971 0.016605366528253285
0.5190267129624431 0.5328957252078368 0.6495624700593794
0.2503773300368266 0.6328774582480605 0.5328240126128208
0.19151212942836082 0.22762000548786432 0.8670494162206523
0.9019910229677635 0.20680429467608974 0.6596480165195544
0.9991819310039176 0.6704601483450574 0.08557107701903988
0.7959215493369243 0.4644270019072678 0.5174052562720135
0.8869769235153626 0.9249565296259448 0.6213297168439453
0.3594876474735429 0.6826573942943241 0.526309230545138
0.5424623271964606 0.9185889363005799 0.8095597866470712
0.5949247607939014 0.6223088566078445 0.7614218066290732
Timestep: 9
0.19080201980762013 0.7285594573233993 0.004635845906960867
0.06949059944209779 0.15674744292711296 0.7625351750660343
0.6563483882816001 0.2954546510498588 0.871946245140542
0.2623563845762522 0.9964422858645889 0.06581560166182499
0.6296881838173007 0.939949409600203 0.06604086608915338
0.007521580168457831 0.20621370083040347 0.6315119189023903
0.28599141551936214 0.8075222408742775 0.9524607611467104
0.47476246173853554 0.39266754131287485 0.04850252362660967
0.13295288804397387 0.7936621250179599 0.6923766901614954
0.3799037494947015 0.13843357280291002 0.3069014716730436
0.7041347227772405 0.5499318239736652 0.9467332289023602
0.20904844819762047 0.4683276755040424 0.5918311177054534
0.4439675938253771 0.08684604727415035 0.8810685337066673
0.227316675246783 0.8546668493629568 0.8871269234687702
0.026166265197531402 0.46616759490959936 0.7473261708696555
0.984892674756054 0.8698114964041679 0.7700508546988658
0.07048173292545812 0.9785462852883313 0.2526860726163136
0.12471473670984778 0.7798391460543144 0.8915441732471265
0.4013600990090538 0.29500279950900676 0.0631839997390955
0.9773413923722387 0.42482432761698874 0.6729082162491977
